140,125,9,0,0,0.277778,0.062963,0.666667,0.311111,6.18518,7.33333,7.66667,3.55556,3.44444,4.44444,-7.88889,7.77778,0.545635,-1.12182,0
188,133,9,0,0,0.333333,0.266667,0.5,0.0777777,6.66667,8.33333,7.77778,3.88889,5,3.33333,-8.33333,8.44444,0.53858,-0.924817,0
105,139,9,0,0,0.277778,0.107407,0.833333,0.522222,6.11111,7.55556,7.22222,3.55556,4.33333,3.33333,-7.66667,7.55556,0.532628,-0.965946,0
34,137,9,0,0,0.5,0.166667,1.11111,0.474074,5.85185,7.77778,6.44444,3.33333,5.77778,1.77778,-7.55556,7.77778,0.573633,-0.744272,0
39,111,9,0,0,0.722222,0.374074,0.888889,0.42963,6.03704,7,7.66667,3.44444,2.88889,4.88889,-7.77778,7.88889,0.562919,-1.17577,0
16,128,9,0,0,0.5,0.0777778,0.666667,0.311111,5.55556,6.88889,6.66667,3.11111,4,3.33333,-7.33333,7.11111,0.561508,-0.985811,0
26,67,9,0.111111,0,1,0.88889,2.44444,3.18518,20,19.5556,25.8889,14.5556,-1.33333,17.6667,-16.3333,25.8889,0.436939,-1.6232,0
14,110,9,0,0,1.72222,5.35185,2.66667,1.02222,17.9259,18.8889,21.4444,13.4444,2.88889,10.5556,-13.4444,21.4444,0.368848,-1.3451,0
11,108,9,0,0,1.33333,0.8,1.38889,0.951852,17.6667,19,21.1111,12.8889,4,10.3333,-14.3333,21.1111,0.388756,-1.30213,0
85,101,9,0,0,1.33333,1.28889,1.27778,1.21852,21.2963,21.2222,26.7778,15.8889,-0.222222,16.4444,-16.2222,26.7778,0.404792,-1.5586,0
18,145,9,0,0,0.388889,0.0185185,0.611111,0.374074,3.92593,5.55556,4,2.22222,4.88889,0.222222,-5.11111,5.55556,0.600529,-0.57094,0
23,55,9,0,0,2.22222,3.67407,1.77778,0.785185,23.4444,21.6667,31.1111,17.5556,-5.33333,23,-17.6667,31.1111,0.43507,-1.77116,0
196,129,9,0,0,0.833333,0.433333,0.666667,0.177778,6.33333,7.88889,7.33333,3.77778,4.66667,3,-7.66667,8.22222,0.540123,-0.932783,0
80,116,9,0,0,1.5,1.63333,1.55556,0.874074,21.7037,21.2222,27.5556,16.3333,-1.44444,17.5556,-16.1111,27.5556,0.407364,-1.63224,0
2,44,9,0,0,2.16667,2.38889,2.38889,1.52963,18.7407,17.3333,25.2222,13.6667,-4.22222,19.4444,-15.2222,25.2222,0.457681,-1.75373,0
120,136,9,0,0,0.611111,0.418519,1,0.444444,6.25926,7.77778,7.22222,3.77778,4.55556,2.88889,-7.44444,8,0.529541,-0.924607,0
146,124,9,0,0,0.5,0.166667,0.388889,0.107407,6.03704,7.44444,7.33333,3.33333,4.22222,3.88889,-8.11111,7.66667,0.563492,-1.02473,0
23,85,9,0,0,1.44444,1.05185,1.77778,0.962963,17.963,18.8889,21.8889,13.1111,2.77778,11.7778,-14.5556,21.8889,0.399751,-1.38687,0
138,116,9,0,0,0.611111,0.151852,0.444445,0.207407,6.48148,7.55556,8.22222,3.66667,3.22222,5.22222,-8.44444,8.33333,0.559171,-1.19107,0
229,124,9,0,0,0.888889,0.074074,0.888889,0.340741,5.88889,7.11111,7.11111,3.44444,3.66667,3.66667,-7.33333,7.55556,0.545855,-1.03766,0
22,116,9,0,0,0.388889,0.107407,0.333333,0.133333,5.62963,6.77778,7,3.11111,3.44444,4.11111,-7.55556,7.33333,0.575397,-1.09962,0
121,60,9,0,0,2.27778,2.32963,2.88889,2.87407,26.7407,24.6667,35.2222,20.3333,-6.22222,25.4444,-19.2222,35.2222,0.4223,-1.77611,0
33,149,9,0,0,0.555556,0.251852,0.722222,0.151852,5.44444,4.11111,8.66667,3.55556,-4,9.66667,-5.66667,8.66667,0.578339,-1.9857,0
80,95,9,0,0,1.22222,1.00741,0.944444,0.551851,21.4074,21.3333,26.6667,16.2222,-0.222222,15.7778,-15.5556,26.6667,0.390436,-1.56733,0
96,84,9,0,0,1.5,1.27778,1.61111,2.28519,23.8519,23.5556,30,18,-0.888889,18.4444,-17.5556,30,0.398791,-1.59887,0
145,102,9,0,0,0.888889,0.607408,2.61111,1.48519,23.0741,22.1111,29.7778,17.3333,-2.88889,20.1111,-17.2222,29.7778,0.417763,-1.68544,0
18,138,9,0,0,0.888889,0.562963,0.833333,0.3,5.74074,7.33333,6.55556,3.33333,4.77778,2.44444,-7.22222,7.33333,0.543871,-0.862108,0
138,133,9,0,0,0.666667,0.444444,1.16667,0.211111,6.44444,7.77778,7.88889,3.66667,4,4.33333,-8.33333,8.22222,0.558201,-1.07766,0
121,113,9,0,0,1.72222,1.52963,2.94444,1.52963,20.2593,20,25.4444,15.3333,-0.777778,15.5556,-14.7778,25.4444,0.396589,-1.58561,0
95,57,9,0,0,1.83333,3.41111,2.11111,1.71852,26.2963,24.6667,34.4444,19.7778,-4.88889,24.4444,-19.5556,34.4444,0.425691,-1.73902,0
140,25,9,0,0,0.999999,1.46667,1.11111,0.118518,128,117.778,142.333,123.889,-30.6667,43,-12.3333,142.333,0.172504,-2.35455,1
142,33,9,0,0,0.499999,0.623609,0.500001,0.349603,110.593,96.7778,128.667,106.333,-41.4444,54.2222,-12.7778,128.667,0.247776,-2.40802,1
66,41,9,0,0,0.611112,0.327731,0.388892,0.327733,109.704,95.1111,128.889,105.111,-43.7778,57.5556,-13.7778,128.889,0.262046,-2.40475,1
165,99,9,0,0,0.888891,0.474074,0.777779,0.474074,93.4074,79,118,83.2222,-43.2222,73.7778,-30.5556,118,0.330418,-2.20776,1
228,20,9,0,0,1.05555,0.490655,0.833333,0.752773,125,114,140.556,120.444,-33,46.6667,-13.6667,140.556,0.188892,-2.34801,1
124,29,9,0,0,1,0.711108,1.05555,0.907417,128.444,119.222,142.889,123.222,-27.6667,43.3333,-15.6667,142.889,0.165616,-2.27113,1
156,32,9,0,0,0.777774,0.162964,2.61111,1.04074,136.296,129.778,146.333,132.778,-19.5556,30.1111,-10.5556,146.333,0.113055,-2.28076,1
21,90,9,0,0,0.666668,0.0444441,0.777779,0.562963,113.481,105.889,128.556,106,-22.7778,45.2222,-22.4444,128.556,0.179697,-2.09781,1
8,39,9,0.111111,0,1.38889,1.12963,1.83333,0.699999,113.37,102.556,132,105.556,-32.4444,55.8889,-23.4444,132,0.222954,-2.19816,1
122,11,9,0,0,1,0.311116,2.88889,5.05185,143.444,136.889,150.889,142.556,-19.6667,22.3333,-2.66667,150.889,0.092773,-2.52165,1
44,79,9,0,0,0.444444,0.344265,0.777779,0.403686,107.741,93.8889,126.556,102.778,-41.5556,56.4444,-14.8889,126.556,0.258079,-2.37797,1
7,18,9,0,0,1.27778,0.729626,0.944445,0.374079,138.63,133.333,147.556,135,-15.8889,26.7778,-10.8889,147.556,0.0963522,-2.21461,1
188,42,9,0,0,0.777779,0.54433,1.66667,1.26491,108.926,95.6667,126.222,104.889,-39.7778,51.8889,-12.1111,126.222,0.241934,-2.41039,1
152,18,9,0,0,0.777777,0.455422,0.555557,0.272164,112.111,97.2222,130.444,108.667,-44.6667,55,-10.3333,130.444,0.254668,-2.45498,1
120,74,9,0,0,0.333335,0.0888892,0.500001,0.077778,101.852,89.1111,123.222,93.2222,-38.2222,64.1111,-25.8889,123.222,0.276784,-2.22055,1
143,24,9,0,0,1.27778,0.907406,0.888888,1.14075,127.63,117.667,141.667,123.556,-29.8889,42.1111,-12.2222,141.667,0.169397,-2.34925,1
181,27,9,0,0,0.722221,0.462964,0.5,0.255555,138.074,132.556,146.556,135.111,-16.5556,25.4444,-8.88889,146.556,0.0962632,-2.26453,1
107,21,9,0,0,0.666662,0.516398,1.16667,0.408248,126.778,115.778,141.889,122.667,-33,45.3333,-12.3333,141.889,0.184022,-2.37037,1
226,83,9,0,0,0.888889,0.518519,1.05555,0.507406,90.6296,74.5556,116.889,80.4444,-48.2222,78.7778,-30.5556,116.889,0.362062,-2.23905,1
93,29,9,0,0,1.22222,1.22964,1.38889,1.57408,128.481,119,142.778,123.667,-28.4444,42.8889,-14.4444,142.778,0.166484,-2.29776,1
60,52,9,0,0,0.722223,0.596301,0.777777,0.740744,111.63,101,129.222,104.667,-31.8889,52.7778,-20.8889,129.222,0.218379,-2.22968,1
179,101,9,0,0,0.444448,0.385187,0.611109,0.329633,134.926,126.444,147.222,131.111,-25.4444,36.8889,-11.4444,147.222,0.141107,-2.32873,1
112,30,9,0,0,0.555557,0.272164,1.22222,0.720083,113.259,100.778,130.111,108.889,-37.4444,50.5556,-13.1111,130.111,0.225384,-2.38531,1
103,64,9,0,0,0.666667,0.699205,1.33333,0.918936,108.778,96.3333,126.222,103.778,-37.3333,52.3333,-15,126.222,0.236797,-2.35544,1
174,50,9,0,0,1,0.760115,0.944445,0.952579,107.444,94.6667,125.778,101.889,-38.3333,55,-16.6667,125.778,0.247337,-2.3373,1
80,40,9,0,0,0.611111,0.574132,0.722223,0.772202,110.704,96.2222,129,106.889,-43.4444,54.8889,-11.4444,129,0.254051,-2.43469,1
67,71,9,0,0,1.66667,0.888891,1.5,0.299998,125.963,115.556,140.889,121.444,-31.2222,44.7778,-13.5556,140.889,0.179672,-2.33976,1
92,56,9,0,0,0.444443,0.0296294,0.833333,0.566668,126,115.889,140.667,121.444,-30.3333,44,-13.6667,140.667,0.176061,-2.32678,1
67,32,9,0,0,0.944444,1.06284,1.77778,1.31092,126.222,115.111,142.222,121.333,-33.3333,48,-14.6667,142.222,0.190625,-2.33375,1
125,46,9,0.111111,0,0.611109,0.611616,2.16667,0.781735,124.556,112.778,141,119.889,-35.3333,49.3333,-14,141,0.200124,-2.35769,1
101,121,9,0.111111,0,0.666667,0.843274,1.5,0.888194,3.40741,1.11111,6,3.11111,-6.88889,7.77778,-0.888889,6,0.843518,-2.51916,2
21,122,9,0,0,0.444444,0.403687,0.444444,0.403687,0.555556,0,1.22222,0.444444,-1.66667,2,-0.333333,1.22222,0.555556,-2.44456,2
45,89,9,0,0,0.777778,0.340741,0.777778,0.474074,2.2963,0.111111,6.44444,0.333333,-6.55556,12.4444,-5.88889,6.44444,0.986111,-2.1239,2
18,87,9,0,0,1.55556,1.96261,1.88889,1.74696,2.92593,1.22222,5.66667,1.88889,-5.11111,8.22222,-3.11111,5.66667,0.862771,-2.22949,2
52,102,9,0,0,0.722222,0.507407,0.833333,0.566667,2.88889,0.666667,6.33333,1.66667,-6.66667,10.3333,-3.66667,6.33333,0.899735,-2.26172,2
54,91,9,0,0,1.44444,1.54074,0.833333,0.255556,3.25926,0.555556,8,1.22222,-8.11111,14.2222,-6.11111,8,0.944811,-2.18672,2
80,87,9,0,0.111111,24.3889,572.996,44.7222,1386.33,67.4444,58.7778,79,64.5556,-26,34.6667,-8.66667,79,0.306281,-2.42213,2
140,124,9,0,0,1,0.444445,1.11111,1.05185,2.51852,0.222222,6.11111,1.22222,-6.88889,10.7778,-3.88889,6.11111,0.973765,-2.26746,2
69,139,9,0,0,2.83333,1.77326,2.11111,1.66889,18.0741,16,22.5556,15.6667,-6.22222,13.4444,-7.22222,23.8889,0.386612,-1.70283,2
9,80,9,0,0,2.94444,13.7519,16.6667,71.5111,23.6296,17.3333,31.6667,21.8889,-18.8889,24.1111,-5.22222,31.6667,0.514254,-2.43151,2
6,81,9,0,0.111111,4.11111,8.74074,5.72222,28.5074,12.4815,7.66667,18.8889,10.8889,-14.4444,19.2222,-4.77778,18.8889,0.628156,-2.38856,2
74,129,9,0,0,0.222222,0.0296296,0.111111,0.0296296,0.518519,0,1.55556,0,-1.55556,3.11111,-1.55556,1.55556,1,-2.0944,2
41,75,9,0,0.111111,15.3889,19.1363,26.6111,31.7136,55,47.4444,65.4444,52.1111,-22.6667,31.3333,-8.66667,65.4444,0.297802,-2.35675,2
36,145,9,0,0,0.277778,0.196296,1.27778,2.06296,0.851852,0.333333,1.44444,0.777778,-1.55556,1.77778,-0.222222,1.44444,0.251852,-2.53095,2
94,144,9,0,0,0.444444,0.118518,0.5,0.166667,1.14815,0,3.44444,0,-3.44444,6.88889,-3.44444,3.44444,1,-2.0944,2
18,90,9,0,0,1.05556,0.374074,0.666667,0.222222,2.81481,0.555556,6.88889,1,-6.77778,12.2222,-5.44444,6.88889,0.926146,-2.16432,2
68,103,9,0,0,0.666667,0.577778,1.11111,0.962963,2.14815,0.111111,5.66667,0.666667,-6.11111,10.5556,-4.44444,5.66667,0.987654,-2.18547,2
45,108,9,0,0.111111,25.5,12.7954,27.2778,15.931,49.8148,41.7778,61.1111,46.5556,-24.1111,33.8889,-9.77778,61.1111,0.358975,-2.36049,2
59,99,9,0,0,0.777778,0.82963,1,0.355556,2.03704,0.111111,5.55556,0.444444,-5.77778,10.5556,-4.77778,5.55556,0.986111,-2.14974,2
67,136,9,0,0,6.72222,3.70835,2.66667,3.19722,15.5185,9,25.3333,12.2222,-19.5556,29.4444,-9.88889,25.3333,0.660813,-2.30751,2
226,110,9,0,0,0.333333,0.0888889,0.5,0.211111,1.66667,0.111111,4.44444,0.444444,-4.66667,8.33333,-3.66667,4.44444,0.977778,-2.15598,2
231,124,9,0,0,3.44444,14.963,1.83333,6.43334,3,1.44444,5.88889,1.66667,-4.66667,8.66667,-4,5.88889,0.895369,-2.11894,2
103,125,9,0,0,0.944444,0.827759,0.833333,0.691215,1.77778,0.444444,3.88889,1,-4,6.33333,-2.33333,3.88889,0.92381,-2.23756,2
1,81,9,0,0,12.1667,267.456,9.22222,205.363,21.3333,14,30.5556,19.4444,-22,27.6667,-5.66667,30.5556,0.595282,-2.43841,2
230,124,9,0,0,0.277778,0.107407,0.277778,0.151852,0.666667,0,2,0,-2,4,-2,2,1,-2.0944,2
58,109,9,0,0,0.888889,0.251852,2.83333,1.67778,4.2963,1.44444,8.44444,3,-8.55556,12.4444,-3.88889,8.44444,0.864482,-2.28379,2
59,120,9,0,0,2.16667,1.98606,1.44444,1.86984,19.0741,10.5556,33.1111,13.5556,-25.5556,42.1111,-16.5556,33.1111,0.681266,-2.23126,2
140,125,9,0,0,0.666667,0.222222,2.66667,3.77778,3.92593,1.55556,7.77778,2.44444,-7.11111,11.5556,-4.44444,7.77778,0.853199,-2.23424,2
127,143,9,0,0,1.5,0.122222,0.888889,0.607407,4.18518,0.888889,9.44444,2.22222,-9.88889,15.7778,-5.88889,9.44444,0.915376,-2.25741,2
23,129,9,0,0,0.5,0.0777778,0.388889,0.151852,0.518519,0,1.55556,0,-1.55556,3.11111,-1.55556,1.55556,0.777778,-2.0944,2
191,119,9,0,0,1.11111,1.29386,0.944446,0.772202,39.8519,36.2222,48.2222,35.1111,-10.8889,25.1111,-14.2222,48.2222,0.271717,-2.006,3
219,80,9,0,0,1.27778,0.32963,0.666667,0.933332,39.7037,36.3333,48.2222,34.5556,-10.1111,25.5556,-15.4444,48.2222,0.282964,-1.96265,3
136,45,9,0,0,1.22222,1.54441,2.05556,1.52631,53.0741,48.1111,63.7778,47.3333,-14.8889,32.1111,-17.2222,63.7778,0.259367,-2.0459,3
66,160,9,0,0,3,4.04445,2.77778,0.42963,22.8519,18.2222,31.5556,18.7778,-13.8889,26.1111,-12.2222,31.5556,0.426014,-2.13873,3
190,105,9,0,0,1.88889,2.2963,2.16667,1.67778,45.7407,41.2222,56.3333,39.6667,-13.5556,31.7778,-18.2222,56.3333,0.295992,-1.99608,3
37,78,9,0,0,1,0.177777,2.55556,2.87407,43.8148,41.1111,51.8889,38.4444,-8.11111,24.2222,-16.1111,51.8889,0.258916,-1.88607,3
198,127,9,0,0,2.44444,4.38519,8.55556,59.5407,40.7407,38,48.2222,36,-8.22222,22.4444,-14.2222,48.2222,0.248999,-1.90835,3
191,101,9,0,0,1.11111,0.779364,1.11111,1.18634,45.037,39,57.1111,39,-18.1111,36.2222,-18.1111,57.1111,0.322733,-2.0943,3
243,120,9,0,0,4.44444,4.35975,1.55555,1.83384,47.8519,44.7778,56.3333,42.4444,-9.22222,25.4444,-16.2222,56.3333,0.245321,-1.91073,3
230,117,9,0,0,3.27778,0.928958,1.44444,0.860663,39.037,33.5556,49.7778,33.7778,-16.4444,32.2222,-15.7778,49.7778,0.335026,-2.10623,3
151,89,9,0,0,8.38889,4.57732,0.722222,0.389682,31.7037,27.3333,41,26.7778,-13.1111,27.8889,-14.7778,41,0.351273,-2.04654,3
176,100,9,0,0,1.94444,0.774075,1.44444,0.651851,55.3704,50.3333,66.8889,48.8889,-15.1111,34.5556,-19.4444,66.8889,0.268621,-2.00619,3
118,126,9,0,0,0.666667,0.4,1.83333,2.12222,20.5556,16.1111,28.6667,16.8889,-13.3333,24.3333,-11,28.6667,0.437078,-2.1588,3
42,57,9,0,0,1.38889,0.975628,0.999999,0.365148,65.7037,59.4444,79.4444,58.2222,-18.7778,41.2222,-22.4444,79.4444,0.266776,-2.0307,3
217,148,9,0,0,2.05556,2.55185,1.05556,0.507408,29.0741,21.4444,41.5556,24.2222,-22.8889,37.4444,-14.5556,41.5556,0.483771,-2.23797,3
14,146,9,0.111111,0,0.888889,0.474074,1.11111,0.740741,10.5926,8,15.6667,8.11111,-7.77778,15.2222,-7.44444,15.6667,0.487864,-2.10891,3
22,87,9,0,0,1.88889,1.25904,1.16667,0.623611,64.037,55.7778,80.3333,56,-24.7778,48.8889,-24.1111,80.3333,0.3097,-2.10507,3
130,32,9,0,0,1.11111,1.04704,0.833334,0.836659,59.4815,54.2222,70.8889,53.3333,-15.7778,34.2222,-18.4444,70.8889,0.249001,-2.04242,3
162,159,9,0,0,2.16667,0.960324,2.22222,1.45551,26.1111,25.2222,29.5556,23.5556,-2.66667,10.3333,-7.66667,29.5556,0.202846,-1.80255,3
150,158,9,0,0,2.16667,1.63333,1.38889,0.418518,8.44444,7,12.2222,6.11111,-4.33333,11.3333,-7,12.2222,0.503086,-1.94345,3
163,68,9,0,0,1.83333,2.21111,1.55556,0.962963,56.7778,52,68.2222,50.1111,-14.3333,34.3333,-20,68.2222,0.265053,-1.98431,3
187,80,9,0,0,1.33333,0.711111,1.33333,0.711109,40.5185,37.7778,47.6667,36.1111,-8.22222,21.4444,-13.2222,47.6667,0.24473,-1.9427,3
140,73,9,0,0,1.72222,0.82776,0.777777,1.0037,46.2963,45.6667,51.1111,42.1111,-1.88889,14.4444,-12.5556,51.1111,0.176156,-1.68159,3
236,117,9,0,0,0.777779,0.403687,1.27778,0.742868,45.8889,39.5556,58.4444,39.6667,-19,37.6667,-18.6667,58.4444,0.330477,-2.09948,3
112,90,9,0,0,7.38889,6.94556,1.27778,0.879814,65.1852,57.6667,79.7778,58.1111,-22.5556,43.7778,-21.2222,79.7778,0.278345,-2.10881,3
197,121,9,0,0,21.6667,17.3628,0.944444,0.904721,41.037,37.4444,49.4444,36.2222,-10.7778,25.2222,-14.4444,49.4444,0.280578,-1.99554,3
141,17,9,0.111111,0.222222,3.72222,4.4493,5,2.319,44.5926,40.3333,54,39.4444,-12.7778,28.2222,-15.4444,54,0.268186,-2.03005,3
79,28,9,0,0,4.27778,3.7619,0.833333,0.658281,62.4074,53.4444,79.1111,54.6667,-26.8889,50.1111,-23.2222,79.1111,0.324556,-2.14451,3
169,102,9,0,0,1,0.355555,0.888889,0.296295,58.2222,53.4444,69.6667,51.5556,-14.3333,34.3333,-20,69.6667,0.25976,-1.98558,3
208,65,9,0,0,1.38889,1.23678,26.4444,25.5375,56.7037,52.6667,64.4444,53,-12.1111,23.2222,-11.1111,64.4444,0.19713,-1.97081,3
189,144,9,0,0,0,0,0,0,0,0,0,0,0,0,0,0,0,0,4
189,141,9,0,0,0,0,0,0,0,0,0,0,0,0,0,0,0,0,4
210,153,9,0,0,0,0,0,0,0,0,0,0,0,0,0,0,0,0,4
57,89,9,0,0,1.72222,1.30668,6.16667,4.70343,17,13,24.5556,13.4444,-12,22.6667,-10.6667,24.5556,0.477489,-2.12975,4
243,94,9,0,0,0.666667,0.311111,0.222222,0.0296296,1.18519,0.222222,3.22222,0.111111,-2.88889,6.11111,-3.22222,3.22222,0.977778,-2.07124,4
229,104,9,0,0,0.5,0.547722,2.83333,2.04124,19.7778,16.3333,26.1111,16.8889,-10.3333,19,-8.66667,26.1111,0.375532,-2.15064,4
226,131,9,0,0,0,0,0,0,0,0,0,0,0,0,0,0,0,0,4
196,95,9,0,0,1.72222,1.12382,1.33333,1.26491,7.62963,6.77778,10.7778,5.33333,-2.55556,9.44444,-6.88889,10.7778,0.512566,-1.74926,4
43,152,9,0,0,1.94444,1.70741,1.22222,0.82963,1.51852,1,2.88889,0.666667,-1.55556,4.11111,-2.55556,2.88889,0.648677,-1.93324,4
54,133,9,0,0,1.55556,1.00741,0.5,0.344444,5.37037,3.66667,9,3.44444,-5.11111,10.8889,-5.77778,9,0.630471,-2.048,4
157,85,9,0,0,1.22222,1.24127,0.222222,0.172133,18.9259,14.5556,26.8889,15.3333,-13.1111,23.8889,-10.7778,26.8889,0.459024,-2.16091,4
96,94,9,0,0,0.722223,0.285185,0.444445,0.42963,20.2222,16,28.7778,15.8889,-12.6667,25.6667,-13,28.7778,0.451546,-2.08489,4
152,155,9,0,0,0.5,0.611111,10.7778,131.807,7.2963,5.33333,11,5.55556,-5.88889,11.1111,-5.22222,11,0.5,-2.11557,4
208,34,9,0,0,1.72222,1.73098,0.444445,0.501848,14.4444,10.7778,21,11.5556,-11,19.6667,-8.66667,21,0.479958,-2.16238,4
222,62,9,0,0,0.277778,0.250924,0.666667,0.557773,6.40741,4.11111,11.4444,3.66667,-6.88889,15.1111,-8.22222,11.4444,0.680808,-2.03415,4
123,152,9,0,0,0,0,0,0,0,0,0,0,0,0,0,0,0,0,4
20,134,9,0,0,0.666667,0.088889,0.611111,0.240741,2.96296,1.11111,6.44444,1.33333,-5.55556,10.4444,-4.88889,6.44444,0.829233,-2.1331,4
223,62,9,0,0,0.333333,0.298142,0.444444,0.501848,6.44444,4.11111,11.4444,3.77778,-7,15,-8,11.4444,0.67037,-2.04872,4
184,145,9,0,0,0.722222,0.611616,0.222222,0.272166,0.555556,0.333333,1.22222,0.111111,-0.666667,2,-1.33333,1.22222,0.527778,-1.92094,4
225,58,9,0,0,0.333333,0.421637,0.444445,0.344265,8.33333,5.55556,14.1111,5.33333,-8.33333,17.3333,-9,14.1111,0.622222,-2.06856,4
58,113,9,0,0,3.44444,1.22323,0.722222,0.389682,20.8519,16.8889,28.4444,17.2222,-11.8889,22.7778,-10.8889,28.4444,0.414807,-2.12569,4
160,41,9,0,0,0.833333,0.809664,0.222222,0.172133,0.703704,0.555556,1.22222,0.333333,-0.444444,1.55556,-1.11111,1.22222,0.537037,-1.84512,4
160,110,9,0,0,0.833333,0.691215,0.444444,0.272165,31.6296,27.2222,39.3333,28.3333,-13.2222,23.1111,-9.88889,39.3333,0.307444,-2.18724,4
186,12,9,0,0,0.444444,0.272165,2.33333,1.96638,6.25926,3.88889,11.3333,3.55556,-7.11111,15.2222,-8.11111,11.3333,0.687302,-2.05798,4
142,111,9,0,0,1.11111,0.45542,0.555555,0.344265,28.7407,24.5556,35.8889,25.7778,-12.5556,21.4444,-8.88889,35.8889,0.315484,-2.20267,4
252,137,9,0,0,0.888889,0.544331,0.611111,0.712325,0.740741,0.333333,1.77778,0.111111,-1.22222,3.11111,-1.88889,1.77778,0.75,-2.00761,4
206,61,9,0,0,0.555556,0.403687,0.5,0.459468,7.07407,4.66667,12.2222,4.33333,-7.22222,15.4444,-8.22222,12.2222,0.645891,-2.04872,4
239,93,9,0,0,3.44444,13.4963,1.05556,0.862962,14.4074,9.88889,22.8889,10.4444,-13.5556,25.4444,-11.8889,22.8889,0.577002,-2.13749,4
207,115,9,0,0,1.05556,0.32963,0.166667,0.0333333,1.22222,0.444444,2.88889,0.333333,-2.33333,5,-2.66667,2.88889,0.933333,-2.06554,4
90,134,9,0,0,0.388889,0.0185185,0.944444,0.151852,2.11111,1,4.66667,0.666667,-3.33333,7.66667,-4.33333,4.66667,0.881481,-2.01314,4
86,197,9,0.111111,0.111111,1.61111,1.45169,1.27778,1.10386,63.2222,56.2222,77.7778,55.6667,-21,43.6667,-22.6667,77.7778,0.285333,-2.06802,5
4,189,9,0,0,2.05556,3.88519,11.7222,114.596,26.4444,23.4444,33,22.8889,-9,19.6667,-10.6667,33,0.271473,-2.101,5
134,187,9,0,0,1.88889,1.51535,2.11111,1.78471,59.3704,52.6667,74.1111,51.3333,-20.1111,44.2222,-24.1111,74.1111,0.307458,-2.03348,5
252,201,9,0,0,4.61111,5.49511,5.55556,5.79527,40.2963,35.7778,49,36.1111,-13.5556,26.1111,-12.5556,49,0.275368,-2.17583,5
219,176,9,0,0.111111,2.11111,1.85792,5.11111,2.84149,60.2963,53.3333,75.6667,51.8889,-20.8889,46.1111,-25.2222,75.6667,0.314462,-2.03065,5
205,190,9,0,0,1.27778,0.998145,1.61111,1.12382,49.4815,44.7778,60.6667,43,-14.1111,33.5556,-19.4444,60.6667,0.290788,-1.9876,5
202,193,9,0,0,1.11111,0.750308,3.38889,2.48924,41.7037,37.8889,50.6667,36.5556,-11.4444,26.8889,-15.4444,50.6667,0.278387,-1.993,5
223,161,9,0,0,1.38889,3.04074,9,31.0222,42.037,36,52.2222,37.8889,-18.1111,30.5556,-12.4444,52.2222,0.308416,-2.28229,5
87,196,9,0.111111,0,1.33333,0.869228,2.22222,1.66889,61.5926,55,75.6667,54.1111,-19.7778,42.2222,-22.4444,75.6667,0.287526,-2.04874,5
105,193,9,0,0,3.22222,1.90516,2.88889,2.17733,60.1111,53.1111,75.1111,52.1111,-21,45,-24,75.1111,0.308465,-2.04777,5
77,185,9,0,0,2.94444,7.66296,6.22222,32.1185,32.5556,29.2222,39.6667,28.7778,-10,21.3333,-11.3333,39.6667,0.27036,-2.08527,5
88,180,9,0,0,1.5,0.936898,3.83333,2.88867,50.4074,45.2222,62.3333,43.6667,-15.5556,35.7778,-20.2222,62.3333,0.300918,-2.00872,5
214,161,9,0,0,3.72222,0.729634,11.5,18.9222,40.4444,35.3333,49.6667,36.3333,-15.3333,27.6667,-12.3333,49.6667,0.298056,-2.19894,5
198,183,9,0,0,1.05555,1.18165,3.38889,1.59745,54.037,48.8889,66.5556,46.6667,-15.4444,37.5556,-22.1111,66.5556,0.298622,-1.97496,5
189,187,9,0,0,1.22222,1.0037,3.05556,2.38902,48.5185,44.1111,59.8889,41.5556,-13.2222,34.1111,-20.8889,59.8889,0.305755,-1.94747,5
124,191,9,0,0,3.5,2.73861,3.27778,2.80013,59.7407,52.8889,74.7778,51.5556,-20.5556,45.1111,-24.5556,74.7778,0.313611,-2.03548,5
182,186,9,0.111111,0,3.66667,2.04396,1.77778,1.24127,48.4444,43.7778,59.8889,41.6667,-14,34.3333,-20.3333,59.8889,0.304522,-1.97306,5
151,163,9,0,0,2.05556,2.28519,18.1667,41.9889,40,34.5556,48,37.4444,-16.3333,24,-7.66667,48.1111,0.263846,-2.51749,5
112,197,9,0,0,4.22222,2.99382,4.94444,3.12279,50.3333,44.6667,62.2222,44.1111,-17,35.6667,-18.6667,62.2222,0.296328,-2.07122,5
137,182,9,0,0,1.83333,3.85556,3.61111,9.21852,34.9259,31.4444,42.8889,30.4444,-10.4444,23.8889,-13.4444,42.8889,0.285756,-2.00112,5
4,201,9,0,0.222222,2.72222,1.67885,5.22222,3.12457,53.7037,47.1111,67.2222,46.7778,-19.7778,40.5556,-20.7778,67.2222,0.308859,-2.07523,5
235,196,9,0,0,1.66667,1.33333,2.22222,1.14827,47.2593,41.7778,58.5556,41.4444,-16.4444,33.8889,-17.4444,58.5556,0.294238,-2.07462,5
167,189,9,0,0,3.77778,2.23772,3.77778,1.5444,58.4074,51.3333,72.4444,51.4444,-21.2222,42.1111,-20.8889,72.4444,0.295523,-2.10133,5
250,176,9,0,0.111111,1.61111,1.06284,3.44444,1.69531,53.6667,47.1111,67.6667,46.2222,-19.6667,42,-22.3333,67.6667,0.318137,-2.05226,5
244,194,9,0,0,1.72222,1.14342,2.27778,2.03761,49.7407,44.4444,61.6667,43.1111,-15.8889,35.7778,-19.8889,61.6667,0.300853,-2.02184,5
178,185,9,0,0,2.61111,1.80637,3.11111,2.2771,49.037,44,60.6667,42.4444,-15.1111,34.8889,-19.7778,60.6667,0.300036,-2.00619,5
229,195,9,0,0,4.16667,2.27792,4.11111,2.24763,47.7037,42.4444,58.8889,41.7778,-15.7778,33.5556,-17.7778,58.8889,0.290278,-2.0527,5
5,210,9,0,0.111111,2.16667,1.67,4.44444,2.61336,51.2963,45.4444,64.3333,44.1111,-17.5556,39.1111,-21.5556,64.3333,0.317566,-2.0209,5
118,180,9,0,0,1.94444,1.48199,3.11111,1.08866,48.5556,44.1111,59,42.5556,-13.3333,31.3333,-18,59,0.278822,-1.99604,5
86,193,9,0,0,3.27778,1.65216,2.22222,1.80944,61.4074,53.6667,76.5556,54,-23.2222,45.4444,-22.2222,76.5556,0.299579,-2.10937,5
204,156,9,0,0,0.5,0.278886,2,0.557773,23.7037,17.3333,25.4444,28.3333,-19.1111,5.22222,13.8889,28.3333,0.389034,2.86493,6
71,180,9,0.111111,0,1.22222,0.562962,3,1.86666,22.3333,18.3333,21.4444,27.2222,-12,-2.66667,14.6667,27.2222,0.327383,2.45383,6
60,181,9,0.111111,0,1.66667,1.2,2.66667,2.08889,19.6296,17.1111,17.8889,23.8889,-7.55556,-5.22222,12.7778,23.8889,0.285691,2.18914,6
103,216,9,0,0,0.888889,0.651852,2.16667,1.14444,14.5556,10.8889,13.6667,19.1111,-11,-2.66667,13.6667,19.1111,0.431696,2.44755,6
89,221,9,0,0,1.38889,1.48518,1.44444,1.58519,14.0741,10.6667,12.4444,19.1111,-10.2222,-4.88889,15.1111,19.1111,0.446012,2.31721,6
8,199,9,0,0,1.66667,0.788811,1.38889,0.712325,15,13.3333,11.7778,19.8889,-5,-9.66667,14.6667,19.8889,0.408885,1.9053,6
200,250,9,0,0,2.27778,1.42075,1.44444,1.0256,9.22222,6.55556,7.33333,13.7778,-8,-5.66667,13.6667,13.7778,0.56339,2.19294,6
163,166,9,0,0,1.77778,1.0963,2.44444,1.05185,16.963,12.3333,16.3333,22.2222,-13.8889,-1.88889,15.7778,22.2222,0.446214,2.51583,6
186,173,9,0,0,1.44444,0.829631,2.11111,1.98519,17.1481,13.5556,15.5556,22.3333,-10.7778,-4.77778,15.5556,22.3333,0.396433,2.33274,6
2,245,9,0,0,1.88889,2.16296,3.16667,3.27778,6.40741,6.22222,6,7,-0.555556,-1.22222,1.77778,7.22222,0.191049,1.75665,6
62,223,9,0,0,2.5,5.72222,1.66667,2.44444,6.66667,4.88889,4.66667,10.4444,-5.33333,-6,11.3333,10.4444,0.59315,2.04659,6
242,183,9,0,0,1.5,0.936898,2.16667,1.79815,15.3704,12.6667,12.4444,21,-8.11111,-8.77778,16.8889,21,0.420244,2.07587,6
200,215,9,0,0,1.55556,0.958394,4.72222,2.64505,23.037,17.1111,22.5556,29.4444,-17.7778,-1.44444,19.2222,29.4444,0.420767,2.56105,6
57,177,9,0,0,0.944445,0.551852,1.44444,1.71852,19.5926,15.7778,18.4444,24.5556,-11.4444,-3.44444,14.8889,24.5556,0.35899,2.41326,6
63,220,9,0,0,3.05556,15.263,3.66667,6.08889,8.18519,6.55556,6.44444,11.5556,-4.88889,-5.22222,10.1111,11.5556,0.486717,2.09315,6
117,224,9,0,0,3.05556,2.55966,3.05556,3.02153,20.2593,15.4444,17.7778,27.5556,-14.4444,-7.44444,21.8889,27.5556,0.441516,2.30415,6
233,211,9,0.111111,0,2.66667,6.08889,1.66667,1.73333,15.4444,12.4444,15.2222,18.6667,-9,-0.666667,9.66667,18.6667,0.335421,2.55496,6
232,175,9,0,0,1.16667,0.62361,2.83333,2.16795,15.3704,12.4444,13.5556,20.1111,-8.77778,-5.44444,14.2222,20.1111,0.387412,2.2422,6
29,195,9,0,0,0.444444,0.403687,0.611111,0.680414,16.037,14.4444,13.3333,20.3333,-4.77778,-8.11111,12.8889,20.3333,0.342307,1.94304,6
63,201,9,0,0,1.44444,0.918519,0.944444,0.551852,7.77778,6.22222,5.55556,11.5556,-4.66667,-6.66667,11.3333,11.5556,0.543201,1.98299,6
93,236,9,0.111111,0,1.77778,2.6963,2,0.933333,12.5185,9.55556,10.7778,17.2222,-8.88889,-5.22222,14.1111,17.2222,0.447247,2.2672,6
72,191,9,0.111111,0,1.27778,0.507407,3.11111,4.60741,15.1852,12.1111,14.8889,18.5556,-9.22222,-0.888889,10.1111,18.5556,0.35037,2.54533,6
52,170,9,0,0,0.555556,0.45542,0.944444,0.389683,25.4444,20.1111,25.3333,30.8889,-16,-0.333333,16.3333,30.8889,0.349112,2.60401,6
233,184,9,0,0,0.5,0.0777778,0.777778,0.785185,11.8519,9.77778,9.88889,15.8889,-6.22222,-5.88889,12.1111,15.8889,0.405556,2.12865,6
237,191,9,0,0,1,0.311111,1.5,1.01111,7.33333,5.33333,5.44444,11.2222,-6,-5.66667,11.6667,11.2222,0.53582,2.12242,6
36,243,9,0.111111,0,1.88889,1.85185,2,0.71111,13.3333,9.88889,12.1111,18,-10.3333,-3.66667,14,18,0.452229,2.36831,6
186,218,9,0,0,1.16667,0.744444,1.16667,0.655555,13.7037,10.6667,12.6667,17.7778,-9.11111,-3.11111,12.2222,17.7778,0.401347,2.38268,6
197,236,9,0,0,2.44444,6.82963,3.33333,7.6,16.0741,13.1111,16.6667,18.4444,-8.88889,1.77778,7.11111,18.5556,0.292729,2.7898,6
208,240,9,0.111111,0,1.05556,0.862963,2.44444,5.00741,14.1481,10.8889,13,18.5556,-9.77778,-3.44444,13.2222,18.5556,0.421621,2.39249,6
223,185,9,0,0,0.5,0.349603,2.38889,2.08078,12.963,11.5556,9.77778,17.5556,-4.22222,-9.55556,13.7778,17.5556,0.445418,1.83885,6
